[gd_scene load_steps=42 format=3 uid="uid://ctpo8qxqv8237"]

[ext_resource type="Script" path="res://Scenes/Levels/21_commerce.gd" id="1_6s4o0"]
[ext_resource type="Texture2D" uid="uid://cjwhjsgs1bv5t" path="res://Assets/background/Fractal/honey.jpg" id="2_nvvdp"]
[ext_resource type="PackedScene" uid="uid://bsbnduuv6kfxe" path="res://Scenes/Titles/Title.tscn" id="2_x54mw"]
[ext_resource type="AudioStream" uid="uid://dwvyxulo220vj" path="res://Assets/audio/Quotes/02b state of corruption.ogg" id="3_d8xns"]
[ext_resource type="AudioStream" uid="uid://co8qy1ivx4swh" path="res://Assets/audio/Quotes/tts/2B_ant_aten.ogg" id="4_rbn1p"]
[ext_resource type="PackedScene" uid="uid://heuiqfr0avt8" path="res://Scenes/mapTriggers/mapEconomy_plus.tscn" id="4_sewm0"]
[ext_resource type="PackedScene" uid="uid://bdfctj3ikcg5v" path="res://Scenes/TriggersOther/autonomy_minus.tscn" id="5_3rfy0"]
[ext_resource type="AudioStream" uid="uid://b85cq8pn1rd3d" path="res://Assets/audio/VO/2b-1.ogg" id="6_0rlwc"]
[ext_resource type="PackedScene" uid="uid://d0eb4ai1ktbjy" path="res://Scenes/TriggersOther/state_plus.tscn" id="6_8bl7j"]
[ext_resource type="PackedScene" uid="uid://cm40w5k725ljo" path="res://Scenes/TriggersOther/resilience_minus.tscn" id="7_7ggiu"]
[ext_resource type="PackedScene" uid="uid://du3kmpndgn2oe" path="res://Scenes/TriggersOther/autonomy_plus.tscn" id="8_pmcpf"]
[ext_resource type="PackedScene" uid="uid://ct3t8flmtdjqq" path="res://Scenes/Gates/Door.tscn" id="9_34j4l"]
[ext_resource type="PackedScene" uid="uid://cy7dnrux8p15g" path="res://Scenes/mapTriggers/mapEconomy_minus.tscn" id="9_vovpb"]
[ext_resource type="PackedScene" uid="uid://dkuywsiwfknmt" path="res://Scenes/TriggersOther/state_minus.tscn" id="10_8giv6"]
[ext_resource type="PackedScene" uid="uid://bhbijqclbto4s" path="res://Scenes/Gates/Gate1.tscn" id="11_e48xt"]
[ext_resource type="Script" path="res://Gate_30Nature.gd" id="12_j5736"]
[ext_resource type="PackedScene" uid="uid://dvijjw3gnflmg" path="res://Scenes/Titles/Quote.tscn" id="12_klcs6"]
[ext_resource type="PackedScene" uid="uid://di2j0aky63es5" path="res://Scenes/Gates/Gate2.tscn" id="13_8xrdl"]
[ext_resource type="Script" path="res://Gate_31Space.gd" id="14_5g5op"]
[ext_resource type="AudioStream" uid="uid://bln2c5lvn1j36" path="res://Assets/audio/VO/2b-2.ogg" id="16_04d18"]
[ext_resource type="AudioStream" uid="uid://1bnrqnavyqs" path="res://Assets/audio/SFX/Portal.ogg" id="16_6k60k"]
[ext_resource type="AudioStream" uid="uid://cimpy5sx73rbc" path="res://Assets/audio/Quotes/2b_Diversity.ogg" id="17_hj8s6"]
[ext_resource type="AudioStream" uid="uid://c4iufmp1lsyox" path="res://Assets/audio/VO/2a-4.ogg" id="18_gtmf1"]
[ext_resource type="PackedScene" uid="uid://c1oyfd7rd1jbx" path="res://Scenes/Titles/Gate.tscn" id="19_grql6"]
[ext_resource type="Material" uid="uid://cr5t2pix6jm64" path="res://Assets/Textures/Path_Texture_Y.tres" id="22_h300x"]
[ext_resource type="Material" uid="uid://bwft8j6bmg23c" path="res://Assets/Textures/Path_Texture_SQ_Y.tres" id="23_q3n4e"]
[ext_resource type="PackedScene" uid="uid://cl1nxstijc6yb" path="res://Assets/Models/Props/Commerce/ant.tscn" id="24_1kan2"]
[ext_resource type="Material" uid="uid://bkkbv3hve2108" path="res://Assets/Textures/Path_Texture_SQ_G.tres" id="24_5sf5f"]
[ext_resource type="Material" uid="uid://coeb05bqdb2hb" path="res://Assets/Textures/Path_Texture_SQ_P.tres" id="26_vfs4q"]
[ext_resource type="AudioStream" uid="uid://dwt23s43rj4vc" path="res://Assets/audio/music/test/BP - Neurons & Nebulae.ogg" id="27_0t8ok"]
[ext_resource type="Material" uid="uid://b3xnc07swt73v" path="res://Assets/Textures/Path_Texture_G.tres" id="27_pnfrv"]
[ext_resource type="PackedScene" uid="uid://bho5hnrcogrsl" path="res://Assets/Models/Props/portal_powerless.tscn" id="28_dy13m"]
[ext_resource type="PackedScene" uid="uid://co7awagts3133" path="res://Scenes/Characters/Hacker.tscn" id="31_h5jf8"]

[sub_resource type="PanoramaSkyMaterial" id="PanoramaSkyMaterial_lye3d"]
panorama = ExtResource("2_nvvdp")
energy_multiplier = 0.5

[sub_resource type="Sky" id="Sky_6uvix"]
sky_material = SubResource("PanoramaSkyMaterial_lye3d")

[sub_resource type="Environment" id="Environment_ngaxy"]
background_mode = 2
sky = SubResource("Sky_6uvix")
tonemap_mode = 2
glow_enabled = true

[sub_resource type="Curve3D" id="Curve3D_eyk0i"]
_data = {
"points": PackedVector3Array(0, 0, 0, 0, 0, -10, 0, 0, 10, 0, 6, 13.82, 0, -6, -10, 0, 0, -21.77, 0, 0, 10, 0, 0, 0, 0, 0, -42),
"tilts": PackedFloat32Array(0, 0, 0)
}
point_count = 3

[sub_resource type="Curve3D" id="Curve3D_6xw6q"]

[sub_resource type="Curve3D" id="Curve3D_kw6yn"]
_data = {
"points": PackedVector3Array(0, 0, 0, -10.415, 0, -5.46, -0.377396, 0, 0.245216, 12.215, 0, 7.425, 0, 0, 0, -25.851, 20, -39.947),
"tilts": PackedFloat32Array(0, 0)
}
point_count = 2

[sub_resource type="Curve3D" id="Curve3D_8asl8"]
_data = {
"points": PackedVector3Array(0, 0, 0, 17.685, 0, -10, -0.0147552, 0, -0.0757523, -10, 0, 10, 0, 0, 0, 18.611, -20, -37.775),
"tilts": PackedFloat32Array(0, 0)
}
point_count = 2

[sub_resource type="Curve3D" id="Curve3D_7g8lh"]
_data = {
"points": PackedVector3Array(0, 0, 0, 0, 0, 10.7, 0, 0, 0, 0, 0, -11.125, 0, 0, 0, 0, -6, 26.742),
"tilts": PackedFloat32Array(0, 0)
}
point_count = 2

[node name="Node3D" type="Node3D"]
script = ExtResource("1_6s4o0")

[node name="WorldEnvironment" type="WorldEnvironment" parent="."]
environment = SubResource("Environment_ngaxy")

[node name="DirectionalLight3D" type="DirectionalLight3D" parent="."]
transform = Transform3D(-0.866024, -0.433016, 0.250001, 0, 0.499998, 0.866027, -0.500003, 0.75, -0.43301, 26, 0, 0)
shadow_enabled = true

[node name="quote-greed" parent="." instance=ExtResource("12_klcs6")]
transform = Transform3D(0.202616, 0, 0.979258, 0, 1, 0, -0.979258, 0, 0.202616, -2.2268, 7.93942, -22.5323)
skeleton = NodePath("")
audio_stream = ExtResource("3_d8xns")

[node name="1" parent="." instance=ExtResource("2_x54mw")]
transform = Transform3D(1, 0, 0, 0, 1, 0, 0, 0, 1, -0.753778, 4.0238, -43.8853)
text = "How do you make sure people’s basic needs are met?"
audio_stream = ExtResource("6_0rlwc")

[node name="Door1" parent="." instance=ExtResource("9_34j4l")]
transform = Transform3D(0.651079, 0, 0.75901, 0, 1, 0, -0.75901, 0, 0.651079, -9.38628, 1.65264, -52.7692)

[node name="PillerR" parent="Door1" index="1"]
transform = Transform3D(-3.61999e-06, 0, 1, 0, 1, 0, -1, 0, -3.61999e-06, 3, 0, 0)

[node name="CSGTorus3D" parent="Door1" index="4"]
material_override = ExtResource("23_q3n4e")

[node name="Gate text" parent="Door1" index="7"]
text = "We need a centralized system to make sure people's basic needs are met."

[node name="Economy_plus" parent="Door1" instance=ExtResource("4_sewm0")]
transform = Transform3D(1, 0, 0, 0, 1, 0, 0, 0, 1, 0.023447, 1, 0.0135422)

[node name="Autonomy_Plus" parent="Door1" instance=ExtResource("8_pmcpf")]
transform = Transform3D(1, 0, 0, 0, 1, 0, 0, 0, 1, 0.0188599, 0, 0.0108871)

[node name="State_Plus" parent="Door1" instance=ExtResource("6_8bl7j")]

[node name="Door2" parent="." instance=ExtResource("9_34j4l")]
transform = Transform3D(1, 0, 0, 0, 1, 0, 0, 0, 1, 0, 1, -56.8509)

[node name="PillerR" parent="Door2" index="1"]
transform = Transform3D(-3.61999e-06, 0, 1, 0, 1, 0, -1, 0, -3.61999e-06, 3, 0, 0)

[node name="CSGTorus3D" parent="Door2" index="4"]
material_override = ExtResource("23_q3n4e")

[node name="Gate text" parent="Door2" index="7"]
text = "Social solidarity and mutual aid networks ."

[node name="Resilience_Minus" parent="Door2" instance=ExtResource("7_7ggiu")]

[node name="State_Minus" parent="Door2" instance=ExtResource("10_8giv6")]
transform = Transform3D(1, 0, 0, 0, 1, 0, 0, 0, 1, 0, 1, 0)

[node name="Door3" parent="." instance=ExtResource("9_34j4l")]
transform = Transform3D(0.496019, 0, -0.868311, 0, 1, 0, 0.868311, 0, 0.496019, 9.6801, 1, -51.7833)

[node name="PillerR" parent="Door3" index="1"]
transform = Transform3D(-3.61999e-06, 0, 1, 0, 1, 0, -1, 0, -3.61999e-06, 3, 0, 0)

[node name="CSGTorus3D" parent="Door3" index="4"]
material_override = ExtResource("23_q3n4e")

[node name="Gate text" parent="Door3" index="7"]
text = "A little precarity makes the
society grow stronger."

[node name="autonomy_Minus" parent="Door3" instance=ExtResource("5_3rfy0")]
transform = Transform3D(1, 0, 0, 0, 1, 0, 0, 0, 1, -0.0577927, 0, -0.206619)

[node name="Resilience_Minus" parent="Door3" instance=ExtResource("7_7ggiu")]
transform = Transform3D(1, 0, 0, 0, 1, 0, 0, 0, 1, -1.90735e-06, 1, 0)

[node name="State_Minus" parent="Door3" instance=ExtResource("10_8giv6")]

[node name="Economy_minus2" parent="Door3" instance=ExtResource("9_vovpb")]
transform = Transform3D(1, 0, 0, 0, 1, 0, 0, 0, 1, 0, 1, 0)

[node name="Economy_minus" parent="Door3" instance=ExtResource("9_vovpb")]

[node name="quote-ant" parent="." instance=ExtResource("12_klcs6")]
transform = Transform3D(1, 0, 0, 0, 1, 0, 0, 0, 1, 0.744962, 2.03833, -68.7759)
audio_stream = ExtResource("4_rbn1p")

[node name="quote-ant3" parent="." instance=ExtResource("12_klcs6")]
transform = Transform3D(1, 0, 0, 0, 1, 0, 0, 0, 1, 14.0104, 1.28049, -60.1829)
audio_stream = ExtResource("4_rbn1p")

[node name="quote-ant2" parent="." instance=ExtResource("12_klcs6")]
transform = Transform3D(1, 0, 0, 0, 1, 0, 0, 0, 1, -12.6921, 8.1434, -62.6624)
audio_stream = ExtResource("4_rbn1p")

[node name="2" parent="." instance=ExtResource("2_x54mw")]
transform = Transform3D(1, 0, 2.98023e-07, 0, 1, 0, -2.98023e-07, 0, 1, -0.226504, 6.98721, -92.3337)
skeleton = NodePath("")
text = "What if some people start hoarding resources?"
audio_stream = ExtResource("16_04d18")

[node name="2a" parent="." instance=ExtResource("2_x54mw")]
transform = Transform3D(0.851141, 0, -0.524937, 0, 1, 0, 0.524937, 0, 0.851141, 21.7446, -14.3124, -84.6317)
skeleton = NodePath("")
text = "What if some people start hoarding resources?"
audio_stream = ExtResource("16_04d18")

[node name="2b" parent="." instance=ExtResource("2_x54mw")]
transform = Transform3D(0.829038, 0.234555, 0.507623, 0, 0.907777, -0.419452, -0.559193, 0.347742, 0.752582, -21.9191, 20.3088, -81.42)
skeleton = NodePath("")
text = "What if some people start hoarding resources?"
audio_stream = ExtResource("16_04d18")

[node name="Door4" parent="." instance=ExtResource("9_34j4l")]
transform = Transform3D(0.707106, 0, 0.707107, 0, 1, 0, -0.707107, 0, 0.707106, -5.31649, 2.24351, -111.747)

[node name="PillerR" parent="Door4" index="1"]
transform = Transform3D(-3.61999e-06, 0, 1, 0, 1, 0, -1, 0, -3.61999e-06, 3, 0, 0)

[node name="CSGTorus3D" parent="Door4" index="4"]
material_override = ExtResource("23_q3n4e")

[node name="Gate text" parent="Door4" index="7"]
text = "If everyone’s basic needs are met, hoarding other resources doesn’t bother me."

[node name="Economy_minus" parent="Door4" instance=ExtResource("9_vovpb")]
transform = Transform3D(1, 0, 0, 0, 1, 0, 0, 0, 1, -0.0518723, 0, -0.029953)

[node name="Economy_minus2" parent="Door4" instance=ExtResource("9_vovpb")]
transform = Transform3D(1, 0, 0, 0, 1, 0, 0, 0, 1, 0.00149536, 1, -0.00259399)

[node name="autonomy_Minus" parent="Door4" instance=ExtResource("5_3rfy0")]
transform = Transform3D(1, 0, 0, 0, 1, 0, 0, 0, 1, 0.0214996, 0, -0.0372467)

[node name="Door5" parent="." instance=ExtResource("9_34j4l")]
transform = Transform3D(0.6619, 0, -0.749591, 0, 1, 0, 0.749591, 0, 0.6619, 4.1274, 1.10927, -110.526)

[node name="PillerR" parent="Door5" index="1"]
transform = Transform3D(-3.61999e-06, 0, 1, 0, 1, 0, -1, 0, -3.61999e-06, 3, 0, 0)

[node name="CSGTorus3D" parent="Door5" index="4"]
material_override = ExtResource("23_q3n4e")

[node name="Gate text" parent="Door5" index="7"]
text = "There need to be laws to prevent that."

[node name="Economy_plus" parent="Door5" instance=ExtResource("4_sewm0")]
transform = Transform3D(1, 0, 0, 0, 1, 0, 0, 0, 1, 0, 1, 0)

[node name="State_Plus" parent="Door5" instance=ExtResource("6_8bl7j")]

[node name="Door4" parent="Door5" instance=ExtResource("9_34j4l")]
transform = Transform3D(0.422729, 0, 0.906256, 0, 1, 0, -0.906256, 0, 0.422729, 25.6937, -20.6596, -4.43211)

[node name="PillerR" parent="Door5/Door4" index="1"]
transform = Transform3D(-3.61999e-06, 0, 1, 0, 1, 0, -1, 0, -3.61999e-06, 3, 0, 0)

[node name="CSGTorus3D" parent="Door5/Door4" index="4"]
material_override = ExtResource("23_q3n4e")

[node name="Gate text" parent="Door5/Door4" index="7"]
text = "If everyone’s basic needs are met, hoarding other 
resources doesn’t bother me."

[node name="Economy_minus" parent="Door5/Door4" instance=ExtResource("9_vovpb")]
transform = Transform3D(1, 0, 0, 0, 1, 0, 0, 0, 1, -0.0518723, 0, -0.029953)

[node name="Economy_minus2" parent="Door5/Door4" instance=ExtResource("9_vovpb")]
transform = Transform3D(1, 0, 0, 0, 1, 0, 0, 0, 1, 0.00149536, 1, -0.00259399)

[node name="autonomy_Minus" parent="Door5/Door4" instance=ExtResource("5_3rfy0")]
transform = Transform3D(1, 0, 0, 0, 1, 0, 0, 0, 1, 0.0214996, 0, -0.0372467)

[node name="Door5" parent="Door5" instance=ExtResource("9_34j4l")]
transform = Transform3D(0.436864, 0, -0.899528, 0, 1, 0, 0.899528, 0, 0.436864, 35.2238, -20.0791, -5.03427)

[node name="PillerR" parent="Door5/Door5" index="1"]
transform = Transform3D(-3.61999e-06, 0, 1, 0, 1, 0, -1, 0, -3.61999e-06, 3, 0, 0)

[node name="CSGTorus3D" parent="Door5/Door5" index="4"]
material_override = ExtResource("23_q3n4e")

[node name="Gate text" parent="Door5/Door5" index="7"]
text = "There need to be laws to prevent that."

[node name="Economy_plus" parent="Door5/Door5" instance=ExtResource("4_sewm0")]
transform = Transform3D(1, 0, 0, 0, 1, 0, 0, 0, 1, 0, 1, 0)

[node name="State_Plus" parent="Door5/Door5" instance=ExtResource("6_8bl7j")]

[node name="quote-diversity" parent="." instance=ExtResource("12_klcs6")]
transform = Transform3D(0.681449, 0, 0.731865, 0, 1, 0, -0.731865, 0, 0.681449, 4.67492, 2.07351, -117.386)
audio_stream = ExtResource("17_hj8s6")

[node name="quote-diversity2" parent="." instance=ExtResource("12_klcs6")]
transform = Transform3D(-0.40554, 0, 0.914077, 0, 1, 0, -0.914077, 0, -0.40554, -12.0478, 6.98157, -117.386)
audio_stream = ExtResource("17_hj8s6")

[node name="quote-diversity3" parent="." instance=ExtResource("12_klcs6")]
transform = Transform3D(0.579352, 0, 0.815077, 0, 1, 0, -0.815077, 0, 0.579352, -33.1647, 26.1946, -105.36)
audio_stream = ExtResource("17_hj8s6")

[node name="quote-diversity4" parent="." instance=ExtResource("12_klcs6")]
transform = Transform3D(0.579352, 0, 0.815077, 0, 1, 0, -0.815077, 0, 0.579352, -43.3933, 23.2195, -87.704)
audio_stream = ExtResource("17_hj8s6")

[node name="quote-diversity5" parent="." instance=ExtResource("12_klcs6")]
transform = Transform3D(-0.716765, 0, 0.697315, 0, 1, 0, -0.697315, 0, -0.716765, 32.6465, -14.41, -81.6557)
audio_stream = ExtResource("17_hj8s6")

[node name="quote-diversity6" parent="." instance=ExtResource("12_klcs6")]
transform = Transform3D(-0.716765, 0, 0.697315, 0, 1, 0, -0.697315, 0, -0.716765, 19.2363, -17.2967, -97.6752)
audio_stream = ExtResource("17_hj8s6")

[node name="6" parent="." instance=ExtResource("2_x54mw")]
transform = Transform3D(0.92647, 0, -0.37637, 0, 1, 0, 0.37637, 0, 0.92647, 15.9382, -13.2213, -139.499)
skeleton = NodePath("")
text = "Should humanity focus on living close to Earth and our relationship with nature, or go into space?"
audio_stream = ExtResource("18_gtmf1")

[node name="6c" parent="." instance=ExtResource("2_x54mw")]
transform = Transform3D(0.934826, 0.214697, 0.282853, 0, 0.79653, -0.604599, -0.355107, 0.565195, 0.744617, -18.1382, 18.893, -136.905)
skeleton = NodePath("")
text = "Should humanity focus on living close to Earth and our relationship with nature, or go into space?"
audio_stream = ExtResource("18_gtmf1")

[node name="6c2" parent="." instance=ExtResource("2_x54mw")]
transform = Transform3D(0.86832, -0.299884, -0.395082, -1.0583e-08, 0.79653, -0.604599, 0.496004, 0.524986, 0.691643, -11.8215, 43.116, -128.973)
skeleton = NodePath("")
text = "Should humanity focus on living close to Earth and our relationship with nature, or go into space?"
audio_stream = ExtResource("18_gtmf1")

[node name="6c3" parent="." instance=ExtResource("2_x54mw")]
transform = Transform3D(-0.878817, -0.0828577, 0.46991, 0, 0.984808, 0.173648, -0.477159, 0.152605, -0.865466, -52.5222, 8.03764, -60.4363)
skeleton = NodePath("")
text = "Should humanity focus on living close to Earth and our relationship with nature, or go into space?"
audio_stream = ExtResource("18_gtmf1")

[node name="6a" parent="." instance=ExtResource("2_x54mw")]
transform = Transform3D(-0.772323, 0, -0.63523, 0, 1, 0, 0.63523, 0, -0.772323, 53.7595, 0.726248, -62.804)
skeleton = NodePath("")
text = "Should humanity focus on living close to Earth and our relationship with nature, or go into space?"
audio_stream = ExtResource("18_gtmf1")

[node name="6b" parent="." instance=ExtResource("2_x54mw")]
transform = Transform3D(0.513646, 0, 0.858002, 0, 1, 0, -0.858002, 0, 0.513646, -1.24157, -33.0164, -113.661)
skeleton = NodePath("")
text = "Should humanity focus on living close to Earth and our relationship with nature, or go into space?"
audio_stream = ExtResource("18_gtmf1")

[node name="Gate" type="CSGCombiner3D" parent="."]

[node name="Gate2" type="CSGCombiner3D" parent="."]
transform = Transform3D(1, 0, 0, 0, 1, 0, 0, 0, 1, 12, 0, -46)

[node name="Gate3" type="CSGCombiner3D" parent="."]
transform = Transform3D(1, 0, 0, 0, 1, 0, 0, 0, 1, -9, 0, -46)

[node name="CSGCombiner3D" type="CSGCombiner3D" parent="."]
use_collision = true

[node name="Economy_minus" parent="." instance=ExtResource("9_vovpb")]
transform = Transform3D(1, 0, 0, 0, 1, 0, 0, 0, 1, 1, 6.98898, -15.9975)

[node name="Economy_minus2" parent="." instance=ExtResource("9_vovpb")]
transform = Transform3D(1, 0, 0, 0, 1, 0, 0, 0, 1, 0.83431, 6.86369, -16.0496)

[node name="Gate1" parent="." instance=ExtResource("11_e48xt")]
transform = Transform3D(0.9728, 0, 0.231646, 0, 1, 0, -0.231646, 0, 0.9728, 20, -19.5443, -152.403)
script = ExtResource("12_j5736")

[node name="Gate text" parent="Gate1" instance=ExtResource("19_grql6")]
transform = Transform3D(1, 0, 0, 0, 1, 0, 0, 0, 1, 0, 5, 0)
text = "nature"

[node name="Gate4" parent="." instance=ExtResource("13_8xrdl")]
transform = Transform3D(0.163136, 0, -0.986603, 0, 1, 0, 0.986603, 0, 0.163136, 25.9759, -19.5524, -146.364)
script = ExtResource("14_5g5op")

[node name="Gate text" parent="Gate4" instance=ExtResource("19_grql6")]
transform = Transform3D(1, 0, 0, 0, 1, 0, 0, 0, 1, 0, 5, 0)
text = "space"

[node name="AudioEnter" type="AudioStreamPlayer3D" parent="."]
transform = Transform3D(1, 0, 0, 0, 1, 0, 0, 0, 1, 1, 8, -15.8)
stream = ExtResource("16_6k60k")
autoplay = true
bus = &"SFX"

[node name="Pathcom" type="Node3D" parent="."]
transform = Transform3D(1, 0, 0, 0, 1, 0, 0, 0, 1, -64, 0, 0)

[node name="Path3D" type="Path3D" parent="Pathcom"]
transform = Transform3D(1, 0, 0, 0, 1, 0, 0, 0, 1, 64, 0, 2)
curve = SubResource("Curve3D_eyk0i")

[node name="Triangle" type="CSGPolygon3D" parent="Pathcom"]
transform = Transform3D(-1, 8.74228e-08, 3.82137e-15, 0, -4.37114e-08, 1, 8.74228e-08, 1, 4.37114e-08, 63.4333, 0.4, -107.734)
material_override = ExtResource("23_q3n4e")
use_collision = true
polygon = PackedVector2Array(-0.5, -4.7, -4.4, 2, 3.3, 2.1)

[node name="Triangle3" type="CSGPolygon3D" parent="Pathcom"]
transform = Transform3D(0.965926, -0.258819, -1.13134e-08, 0, -4.37114e-08, 1, -0.258819, -0.965926, -4.2222e-08, 90.4333, -19.6, -89.0333)
material_override = ExtResource("23_q3n4e")
use_collision = true
polygon = PackedVector2Array(-0.4, -4.7, -4.4, 2.6, 3.8, 2.8)

[node name="Triangle2" type="CSGPolygon3D" parent="Pathcom"]
transform = Transform3D(0.996195, 0.0871556, 3.80969e-09, 0, -4.37114e-08, 1, 0.0871556, -0.996195, -4.35451e-08, 31.0333, 20.4, -91.0333)
material_override = ExtResource("23_q3n4e")
use_collision = true
polygon = PackedVector2Array(-0.6, -4.6, -4.6, 1.9, 3.2, 2.3)

[node name="Path3D2" type="Path3D" parent="Pathcom"]
transform = Transform3D(1, 0, 0, 0, 1, 0, 0, 0, 1, 0, 0, -41)
curve = SubResource("Curve3D_6xw6q")

[node name="CSGCylinder3D" type="CSGCylinder3D" parent="Pathcom"]
transform = Transform3D(1, 0, 0, 0, 1, 0, 0, 0, 1, 64, 0, -46.9)
material_override = ExtResource("23_q3n4e")
use_collision = true
radius = 8.0
height = 1.8
sides = 6
material = ExtResource("24_5sf5f")

[node name="CSGCylinder3D" type="CSGCylinder3D" parent="Pathcom/CSGCylinder3D"]
transform = Transform3D(1, 0, 0, 0, 1, 0, 0, 0, 1, 0, 1.1, 1.1)
operation = 2
radius = 7.0
height = 1.4
sides = 6
material = ExtResource("24_5sf5f")

[node name="CSGBox3D" type="CSGBox3D" parent="Pathcom/CSGCylinder3D"]
transform = Transform3D(1, 0, 0, 0, 1, 0, 0, 0, 1, 0, 0.7, -5.9)
operation = 2
size = Vector3(7, 0.6, 3)
material = ExtResource("24_5sf5f")

[node name="CSGBox3D2" type="CSGBox3D" parent="Pathcom/CSGCylinder3D"]
transform = Transform3D(0.5, 0, -0.866025, 0, 1, 0, 0.866025, 0, 0.5, 6, 0.7, -2.9)
operation = 2
size = Vector3(7, 0.6, 3)
material = ExtResource("24_5sf5f")

[node name="CSGBox3D3" type="CSGBox3D" parent="Pathcom/CSGCylinder3D"]
transform = Transform3D(-0.5, 0, -0.866025, 0, 1, 0, 0.866025, 0, -0.5, -6, 0.7, -2.9)
operation = 2
size = Vector3(7, 0.6, 3)
material = ExtResource("24_5sf5f")

[node name="Path3D3" type="Path3D" parent="Pathcom"]
transform = Transform3D(-1, 0, 8.74228e-08, 0, 1, 0, -8.74228e-08, 0, -1, 64, 0, -95.8)
curve = SubResource("Curve3D_eyk0i")

[node name="pathgon" type="CSGPolygon3D" parent="Pathcom/Path3D3"]
material_override = ExtResource("22_h300x")
use_collision = true
polygon = PackedVector2Array(3.7, 0.4, 3.7, 0.8, 4.1, 0.8, 4, 0, -4, 0, -4.1, 0.9, -3.8, 0.9, -3.7, 0.4)
mode = 2
path_node = NodePath("..")
path_interval_type = 0
path_interval = 1.0
path_simplify_angle = 0.0
path_rotation = 1
path_local = true
path_continuous_u = true
path_u_distance = 1.0
path_joined = false

[node name="Path3D4" type="Path3D" parent="Pathcom"]
transform = Transform3D(1, 0, 0, 0, 1, 0, 0, 0, 1, 58.3, 0, -50.3)
curve = SubResource("Curve3D_kw6yn")

[node name="pathgon" type="CSGPolygon3D" parent="Pathcom/Path3D4"]
material_override = ExtResource("22_h300x")
use_collision = true
polygon = PackedVector2Array(3.7, 0.4, 3.7, 0.8, 4.1, 0.8, 4, 0, -4, 0, -4.1, 0.9, -3.8, 0.9, -3.7, 0.4)
mode = 2
path_node = NodePath("..")
path_interval_type = 0
path_interval = 1.0
path_simplify_angle = 0.0
path_rotation = 1
path_local = true
path_continuous_u = true
path_u_distance = 1.0
path_joined = false

[node name="Path3D5" type="Path3D" parent="Pathcom"]
transform = Transform3D(1, 0, 0, 0, 1, 0, 0, 0, 1, 70, 0, -50)
curve = SubResource("Curve3D_8asl8")

[node name="pathgon" type="CSGPolygon3D" parent="Pathcom/Path3D5"]
material_override = ExtResource("22_h300x")
use_collision = true
polygon = PackedVector2Array(3.7, 0.4, 3.7, 0.8, 4.1, 0.8, 4, 0, -4, 0, -4.1, 0.9, -3.8, 0.9, -3.7, 0.4)
mode = 2
path_node = NodePath("..")
path_interval_type = 0
path_interval = 1.0
path_simplify_angle = 0.0
path_rotation = 1
path_local = true
path_continuous_u = true
path_u_distance = 1.0
path_joined = false

[node name="Path3D10" type="Path3D" parent="Pathcom"]
transform = Transform3D(1, 0, 0, 0, 1, 0, 0, 0, 1, 58, 0, -101)
curve = SubResource("Curve3D_kw6yn")

[node name="pathgon" type="CSGPolygon3D" parent="Pathcom/Path3D10"]
transform = Transform3D(1, 0, 1.49012e-08, 0, 1, 0, -1.49012e-08, 0, 1, 4.5, -0.00607228, -7.9882)
material_override = ExtResource("27_pnfrv")
use_collision = true
polygon = PackedVector2Array(3.7, 0.4, 3.7, 0.8, 4.1, 0.8, 4, 0, -4, 0, -4.1, 0.9, -3.8, 0.9, -3.7, 0.4)
mode = 2
path_node = NodePath("..")
path_interval_type = 0
path_interval = 1.0
path_simplify_angle = 0.0
path_rotation = 1
path_local = true
path_continuous_u = true
path_u_distance = 1.0
path_joined = false

[node name="Path3D11" type="Path3D" parent="Pathcom"]
transform = Transform3D(1, 0, 0, 0, 1, 0, 0, 0, 1, 70, 0, -101)
curve = SubResource("Curve3D_8asl8")

[node name="pathgon" type="CSGPolygon3D" parent="Pathcom/Path3D11"]
transform = Transform3D(1, 0, 0, 0, 1, 0, 0, 0, 1, -4.3, -0.00404042, -7.78821)
material_override = ExtResource("22_h300x")
use_collision = true
polygon = PackedVector2Array(3.7, 0.4, 3.7, 0.8, 4.1, 0.8, 4, 0, -4, 0, -4.1, 0.9, -3.8, 0.9, -3.7, 0.4)
mode = 2
path_node = NodePath("..")
path_interval_type = 0
path_interval = 1.0
path_simplify_angle = 0.0
path_rotation = 1
path_local = true
path_continuous_u = true
path_u_distance = 1.0
path_joined = false

[node name="Path3D8" type="Path3D" parent="Pathcom"]
transform = Transform3D(1, 0, 0, 0, 1, 0, 0, 0, 1, 86, -21, -95)
curve = SubResource("Curve3D_kw6yn")

[node name="pathgon" type="CSGPolygon3D" parent="Pathcom/Path3D8"]
transform = Transform3D(-0.965926, 0, -0.258819, 0, 1, 0, 0.258819, 0, -0.965926, 6, 1, 6.5)
material_override = ExtResource("22_h300x")
use_collision = true
polygon = PackedVector2Array(3.7, 0.4, 3.7, 0.8, 4.1, 0.8, 4, 0, -4, 0, -4.1, 0.9, -3.8, 0.9, -3.7, 0.4)
mode = 2
path_node = NodePath("..")
path_interval_type = 0
path_interval = 1.0
path_simplify_angle = 0.0
path_rotation = 1
path_local = true
path_continuous_u = true
path_u_distance = 1.0
path_joined = false

[node name="Path3D9" type="Path3D" parent="Pathcom"]
transform = Transform3D(1, 0, 0, 0, 1, 0, 0, 0, 1, 98, -21, -95)
curve = SubResource("Curve3D_8asl8")

[node name="pathgon" type="CSGPolygon3D" parent="Pathcom/Path3D9"]
transform = Transform3D(0.258819, 0, 0.965926, 0, 1, 0, -0.965926, 0, 0.258819, -8.4, 0.999998, 3.5)
material_override = ExtResource("22_h300x")
use_collision = true
polygon = PackedVector2Array(3.7, 0.4, 3.7, 0.8, 4.1, 0.8, 4, 0, -4, 0, -4.1, 0.9, -3.8, 0.9, -3.7, 0.4)
mode = 2
path_node = NodePath("..")
path_interval_type = 0
path_interval = 1.0
path_simplify_angle = 0.0
path_rotation = 1
path_local = true
path_continuous_u = true
path_u_distance = 1.0
path_joined = false

[node name="Path3D6" type="Path3D" parent="Pathcom"]
transform = Transform3D(1, 0, 0, 0, 1, 0, 0, 0, 1, 23, 21, -97)
curve = SubResource("Curve3D_kw6yn")

[node name="pathgon" type="CSGPolygon3D" parent="Pathcom/Path3D6"]
transform = Transform3D(0.5, 0, -0.866025, 0, 1, 0, 0.866025, 0, 0.5, 8, -1, 4)
material_override = ExtResource("22_h300x")
use_collision = true
polygon = PackedVector2Array(3.7, 0.4, 3.7, 0.8, 4.1, 0.8, 4, 0, -4, 0, -4.1, 0.9, -3.8, 0.9, -3.7, 0.4)
mode = 2
path_node = NodePath("..")
path_interval_type = 0
path_interval = 1.0
path_simplify_angle = 0.0
path_rotation = 1
path_local = true
path_continuous_u = true
path_u_distance = 1.0
path_joined = false

[node name="Gate1" parent="Pathcom/Path3D6/pathgon" instance=ExtResource("11_e48xt")]
transform = Transform3D(-0.334136, 0, -0.942526, 0, 1, 0, 0.942526, 0, -0.334136, 30.3266, -19.6902, 41.4875)
script = ExtResource("12_j5736")

[node name="Gate text" parent="Pathcom/Path3D6/pathgon/Gate1" instance=ExtResource("19_grql6")]
transform = Transform3D(1, 0, 0, 0, 1, 0, 0, 0, 1, 0, 5, 0)
text = "nature"

[node name="Gate4" parent="Pathcom/Path3D6/pathgon" instance=ExtResource("13_8xrdl")]
transform = Transform3D(-0.916887, 0, 0.39915, 0, 1, 0, -0.39915, 0, -0.916887, 22.0099, -19.6983, 43.2229)
script = ExtResource("14_5g5op")

[node name="Gate text" parent="Pathcom/Path3D6/pathgon/Gate4" instance=ExtResource("19_grql6")]
transform = Transform3D(1, 0, 0, 0, 1, 0, 0, 0, 1, 0, 5, 0)
text = "space"

[node name="Gate1" parent="Pathcom/Path3D6/pathgon/Gate4" instance=ExtResource("11_e48xt")]
transform = Transform3D(-0.815136, 0, -0.579266, 0, 1, 0, 0.579266, 0, -0.815136, -7.97287, -0.151788, 127.731)
script = ExtResource("12_j5736")

[node name="Gate text" parent="Pathcom/Path3D6/pathgon/Gate4/Gate1" instance=ExtResource("19_grql6")]
transform = Transform3D(1, 0, 0, 0, 1, 0, 0, 0, 1, 0, 5, 0)
text = "nature"

[node name="Gate4" parent="Pathcom/Path3D6/pathgon/Gate4" instance=ExtResource("13_8xrdl")]
transform = Transform3D(-0.368886, 0, 0.929473, 0, 1, 0, -0.929473, 0, -0.368886, -14.3478, -0.159928, 125.023)
script = ExtResource("14_5g5op")

[node name="Gate text" parent="Pathcom/Path3D6/pathgon/Gate4/Gate4" instance=ExtResource("19_grql6")]
transform = Transform3D(1, 0, 0, 0, 1, 0, 0, 0, 1, 0, 5, 0)
text = "space"

[node name="Path3D7" type="Path3D" parent="Pathcom"]
transform = Transform3D(1, 0, 0, 0, 1, 0, 0, 0, 1, 35, 21, -97)
curve = SubResource("Curve3D_8asl8")

[node name="pathgon" type="CSGPolygon3D" parent="Pathcom/Path3D7"]
transform = Transform3D(-1, 0, 6.70552e-08, 0, 1, 0, -6.70552e-08, 0, -1, -6.3222, -1.00365, 7.0956)
material_override = ExtResource("22_h300x")
use_collision = true
polygon = PackedVector2Array(3.7, 0.4, 3.7, 0.8, 4.1, 0.8, 4, 0, -4, 0, -4.1, 0.9, -3.8, 0.9, -3.7, 0.4)
mode = 2
path_node = NodePath("..")
path_interval_type = 0
path_interval = 1.0
path_simplify_angle = 0.0
path_rotation = 1
path_local = true
path_continuous_u = true
path_u_distance = 1.0
path_joined = false

[node name="Connect10" type="CSGBox3D" parent="Pathcom"]
transform = Transform3D(0.997846, 0, -0.0655947, 0, 1, 0, 0.0655947, 0, 0.997846, 52.5384, 40.2885, -139.377)
material_override = ExtResource("23_q3n4e")
use_collision = true
size = Vector3(17.3706, 1.2, 8.3)
material = ExtResource("26_vfs4q")

[node name="Connect" type="CSGBox3D" parent="Pathcom/Connect10"]
transform = Transform3D(-4.37114e-08, 0, -1, 0, 1, 0, 1, 0, -4.37114e-08, 0.0732419, 0.450001, 0.0500031)
operation = 2
size = Vector3(6.5, 0.7, 14.5785)
material = ExtResource("26_vfs4q")

[node name="Connect2" type="CSGBox3D" parent="Pathcom/Connect10"]
transform = Transform3D(-4.37114e-08, 0, -1, 0, 1, 0, 1, 0, -4.37114e-08, 0.195276, 0.400001, 3.60001)
operation = 2
size = Vector3(2, 0.6, 6.98425)
material = ExtResource("26_vfs4q")

[node name="Gate1" parent="Pathcom/Connect10" instance=ExtResource("11_e48xt")]
transform = Transform3D(0.532448, 0, 0.846463, 0, 1, 0, -0.846463, 0, 0.532448, -4.42476, -0.292294, -1.29182)
script = ExtResource("12_j5736")

[node name="Gate text" parent="Pathcom/Connect10/Gate1" instance=ExtResource("19_grql6")]
transform = Transform3D(1, 0, 0, 0, 1, 0, 0, 0, 1, 0, 5, 0)
text = "nature"

[node name="Gate4" parent="Pathcom/Connect10" instance=ExtResource("13_8xrdl")]
transform = Transform3D(0.807207, 0, -0.590268, 0, 1, 0, 0.590268, 0, 0.807207, 4.06998, -0.300434, -1.16367)
script = ExtResource("14_5g5op")

[node name="Gate text" parent="Pathcom/Connect10/Gate4" instance=ExtResource("19_grql6")]
transform = Transform3D(1, 0, 0, 0, 1, 0, 0, 0, 1, 0, 5, 0)
text = "space"

[node name="Connect15" type="CSGBox3D" parent="Pathcom"]
transform = Transform3D(-0.321621, 0, -0.946868, 0, 1, 0, 0.946868, 0, -0.321621, 131.092, 0.264182, -55.4518)
material_override = ExtResource("23_q3n4e")
use_collision = true
size = Vector3(17.3706, 1.2, 8.3)
material = ExtResource("26_vfs4q")

[node name="Connect" type="CSGBox3D" parent="Pathcom/Connect15"]
transform = Transform3D(-4.37114e-08, 0, -1, 0, 1, 0, 1, 0, -4.37114e-08, 0.0732419, 0.450001, 0.0500031)
operation = 2
size = Vector3(6.5, 0.7, 14.5785)
material = ExtResource("26_vfs4q")

[node name="Connect2" type="CSGBox3D" parent="Pathcom/Connect15"]
transform = Transform3D(-4.37114e-08, 0, -1, 0, 1, 0, 1, 0, -4.37114e-08, 0.195276, 0.400001, 3.60001)
operation = 2
size = Vector3(2, 0.6, 6.98425)
material = ExtResource("26_vfs4q")

[node name="Connect14" type="CSGBox3D" parent="Pathcom"]
transform = Transform3D(-0.722231, 0, 0.691652, 0, 1, 0, -0.691652, 0, -0.722231, 7.64049, 0.296046, -48.9159)
material_override = ExtResource("23_q3n4e")
use_collision = true
size = Vector3(17.3706, 1.2, 8.3)
material = ExtResource("26_vfs4q")

[node name="Connect" type="CSGBox3D" parent="Pathcom/Connect14"]
transform = Transform3D(-4.37114e-08, 0, -1, 0, 1, 0, 1, 0, -4.37114e-08, 0.0732419, 0.450001, 0.0500031)
operation = 2
size = Vector3(6.5, 0.7, 14.5785)
material = ExtResource("26_vfs4q")

[node name="Connect2" type="CSGBox3D" parent="Pathcom/Connect14"]
transform = Transform3D(-4.37114e-08, 0, -1, 0, 1, 0, 1, 0, -4.37114e-08, 0.195276, 0.400001, 3.60001)
operation = 2
size = Vector3(2, 0.6, 6.98425)
material = ExtResource("26_vfs4q")

[node name="Connect13" type="CSGBox3D" parent="Pathcom"]
transform = Transform3D(0.855011, 0, 0.518609, 0, 1, 0, -0.518609, 0, 0.855011, 55.5126, -39.71, -122.599)
material_override = ExtResource("23_q3n4e")
use_collision = true
size = Vector3(17.3706, 1.2, 8.3)
material = ExtResource("26_vfs4q")

[node name="Connect" type="CSGBox3D" parent="Pathcom/Connect13"]
transform = Transform3D(-4.37114e-08, 0, -1, 0, 1, 0, 1, 0, -4.37114e-08, 0.0732419, 0.450001, 0.0500031)
operation = 2
size = Vector3(6.5, 0.7, 14.5785)
material = ExtResource("26_vfs4q")

[node name="Connect2" type="CSGBox3D" parent="Pathcom/Connect13"]
transform = Transform3D(-4.37114e-08, 0, -1, 0, 1, 0, 1, 0, -4.37114e-08, 0.195276, 0.400001, 3.60001)
operation = 2
size = Vector3(2, 0.6, 6.98425)
material = ExtResource("26_vfs4q")

[node name="Gate1" parent="Pathcom/Connect13" instance=ExtResource("11_e48xt")]
transform = Transform3D(0.700872, 0, 0.713287, 0, 1, 0, -0.713287, 0, 0.700872, -4.06135, -0.251675, -0.351791)
script = ExtResource("12_j5736")

[node name="Gate text" parent="Pathcom/Connect13/Gate1" instance=ExtResource("19_grql6")]
transform = Transform3D(1, 0, 0, 0, 1, 0, 0, 0, 1, 0, 5, 0)
text = "nature"

[node name="Gate4" parent="Pathcom/Connect13" instance=ExtResource("13_8xrdl")]
transform = Transform3D(0.843804, 0, -0.536652, 0, 1, 0, 0.536652, 0, 0.843804, 3.19367, -0.259815, -0.284866)
script = ExtResource("14_5g5op")

[node name="Gate text" parent="Pathcom/Connect13/Gate4" instance=ExtResource("19_grql6")]
transform = Transform3D(1, 0, 0, 0, 1, 0, 0, 0, 1, 0, 5, 0)
text = "space"

[node name="Connect12" type="CSGBox3D" parent="Pathcom"]
transform = Transform3D(0.759873, 0, -0.650072, 0, 1, 0, 0.650072, 0, 0.759873, 86.4384, -19.6305, -149.632)
material_override = ExtResource("23_q3n4e")
use_collision = true
size = Vector3(17.3706, 1.2, 8.3)
material = ExtResource("26_vfs4q")

[node name="Connect" type="CSGBox3D" parent="Pathcom/Connect12"]
transform = Transform3D(2.98023e-08, 0, -1, 0, 1, 0, 1, 0, 2.98023e-08, 0.0732574, 0.419189, 0.0499573)
operation = 2
size = Vector3(6.5, 0.761621, 14.5785)
material = ExtResource("26_vfs4q")

[node name="Connect2" type="CSGBox3D" parent="Pathcom/Connect12"]
transform = Transform3D(2.98023e-08, 0, -1, 0, 1, 0, 1, 0, 2.98023e-08, 0.19529, 0.369825, 3.59999)
operation = 2
size = Vector3(2, 0.660352, 6.98425)
material = ExtResource("26_vfs4q")

[node name="Connect11" type="CSGBox3D" parent="Pathcom"]
transform = Transform3D(0.611303, 0, 0.914499, 0, 1.1, 0, -0.914499, 0, 0.611303, 32.8738, 20.2695, -151.083)
material_override = ExtResource("23_q3n4e")
use_collision = true
size = Vector3(17.3706, 1.2, 8.3)
material = ExtResource("26_vfs4q")

[node name="Connect" type="CSGBox3D" parent="Pathcom/Connect11"]
transform = Transform3D(-4.37114e-08, 0, -1, 0, 1, 0, 1, 0, -4.37114e-08, 0.0732419, 0.450001, 0.0500031)
operation = 2
size = Vector3(6.5, 0.7, 14.5785)
material = ExtResource("26_vfs4q")

[node name="Gate1" parent="Pathcom/Connect11/Connect" instance=ExtResource("11_e48xt")]
transform = Transform3D(-0.836602, 0, 0.547811, 0, 1, 0, -0.547811, 0, -0.836602, 0.191597, -0.599672, 3.93525)
script = ExtResource("12_j5736")

[node name="Gate text" parent="Pathcom/Connect11/Connect/Gate1" instance=ExtResource("19_grql6")]
transform = Transform3D(1, 0, 0, 0, 1, 0, 0, 0, 1, 0, 5, 0)
text = "nature"

[node name="Gate4" parent="Pathcom/Connect11/Connect" instance=ExtResource("13_8xrdl")]
transform = Transform3D(0.604905, 0, 0.796298, 0, 1, 0, -0.796298, 0, 0.604905, 0.474792, -0.607809, -4.55575)
script = ExtResource("14_5g5op")

[node name="Gate text" parent="Pathcom/Connect11/Connect/Gate4" instance=ExtResource("19_grql6")]
transform = Transform3D(1, 0, 0, 0, 1, 0, 0, 0, 1, 0, 5, 0)
text = "space"

[node name="Connect2" type="CSGBox3D" parent="Pathcom/Connect11"]
transform = Transform3D(-4.37114e-08, 0, -1, 0, 1, 0, 1, 0, -4.37114e-08, 0.195276, 0.400001, 3.60001)
operation = 2
size = Vector3(2, 0.6, 6.98425)
material = ExtResource("26_vfs4q")

[node name="ant" parent="." instance=ExtResource("24_1kan2")]
transform = Transform3D(-0.866528, 0.286162, -0.40895, -0.032067, 0.785718, 0.617753, 0.498097, 0.548414, -0.671671, -18.1, 7.5, -63.1978)

[node name="Path3D" type="Path3D" parent="."]
transform = Transform3D(-0.999654, 0, -0.026299, 0, 1, 0, 0.026299, 0, -0.999654, 3.16875, -1.5, 0.268762)
curve = SubResource("Curve3D_7g8lh")

[node name="pathgon" type="CSGPolygon3D" parent="Path3D"]
transform = Transform3D(1, -1.13133e-08, 1.86265e-09, 1.13133e-08, 1, 4.47035e-08, -1.86265e-09, -4.47035e-08, 1, 1.88642, 6.86499, 14.0478)
material_override = ExtResource("22_h300x")
use_collision = true
polygon = PackedVector2Array(4, 1, 4, 1.4, 4.3, 1.4, 4.3, 0.7, -4.3, 0.7, -4.24922, 1.5009, -4.2, 1.5, -3.9, 1.5, -3.9, 1.1)
mode = 2
path_node = NodePath("..")
path_interval_type = 0
path_interval = 1.0
path_simplify_angle = 0.0
path_rotation = 1
path_local = true
path_continuous_u = true
path_u_distance = 1.0
path_joined = false

[node name="Door6" parent="." instance=ExtResource("9_34j4l")]
transform = Transform3D(-0.509958, 0, 0.860199, 0, 1, 0, -0.860199, 0, -0.509958, -36.8451, 21.6391, -88.6829)

[node name="PillerR" parent="Door6" index="1"]
transform = Transform3D(-3.61999e-06, 0, 1, 0, 1, 0, -1, 0, -3.61999e-06, 3, 0, 0)

[node name="CSGTorus3D" parent="Door6" index="4"]
material_override = ExtResource("23_q3n4e")

[node name="Gate text" parent="Door6" index="7"]
text = "If everyone’s basic needs are met, hoarding other 
resources doesn’t bother me."

[node name="Economy_minus" parent="Door6" instance=ExtResource("9_vovpb")]
transform = Transform3D(1, 0, 0, 0, 1, 0, 0, 0, 1, -0.0518723, 0, -0.029953)

[node name="Economy_minus2" parent="Door6" instance=ExtResource("9_vovpb")]
transform = Transform3D(1, 0, 0, 0, 1, 0, 0, 0, 1, 0.00149536, 1, -0.00259399)

[node name="autonomy_Minus" parent="Door6" instance=ExtResource("5_3rfy0")]
transform = Transform3D(1, 0, 0, 0, 1, 0, 0, 0, 1, 0.0214996, 0, -0.0372467)

[node name="Door7" parent="." instance=ExtResource("9_34j4l")]
transform = Transform3D(0.994399, 0, -0.105692, 0, 1, 0, 0.105692, 0, 0.994399, -32.5191, 21.8913, -97.075)

[node name="PillerR" parent="Door7" index="1"]
transform = Transform3D(-3.61999e-06, 0, 1, 0, 1, 0, -1, 0, -3.61999e-06, 3, 0, 0)

[node name="CSGTorus3D" parent="Door7" index="4"]
material_override = ExtResource("23_q3n4e")

[node name="Gate text" parent="Door7" index="7"]
text = "There need to be laws to prevent that."

[node name="Economy_plus" parent="Door7" instance=ExtResource("4_sewm0")]
transform = Transform3D(1, 0, 0, 0, 1, 0, 0, 0, 1, 0, 1, 0)

[node name="State_Plus" parent="Door7" instance=ExtResource("6_8bl7j")]

[node name="Portalex" parent="." instance=ExtResource("28_dy13m")]
transform = Transform3D(-4.37114e-08, 0, 1, 0, 1, 0, -1, 0, -4.37114e-08, 1.02062, 6.41395, -14.4348)

[node name="AudioStreamPlayer3D" type="AudioStreamPlayer3D" parent="."]
stream = ExtResource("27_0t8ok")
volume_db = 10.0
autoplay = true
bus = &"Music"

[node name="pathgon" type="CSGPolygon3D" parent="."]
transform = Transform3D(-1.09954, 0.023766, -0.0211316, 0.0237617, 1.09974, 0.000456665, 0.0211365, 0, -1.0998, 1.34473, 5.14328, -13.809)
material_override = ExtResource("23_q3n4e")
use_collision = true
polygon = PackedVector2Array(3, 1.4, 3.9, 1.4, 4.3, 1.4, 4.3, 0.7, -3.4, 0.7, -3.4, 1.5, -3, 1.5, -2.3, 1.5)
depth = 0.5

[node name="Player" parent="." instance=ExtResource("31_h5jf8")]
transform = Transform3D(1, 0, 0, 0, 1, 0, 0, 0, 1, 1.1613, 6.72541, -15.9351)

[editable path="Door1"]
[editable path="Door2"]
[editable path="Door3"]
[editable path="Door4"]
[editable path="Door5"]
[editable path="Door5/Door4"]
[editable path="Door5/Door5"]
[editable path="Door6"]
[editable path="Door7"]
